0.591585 0.702339 0.845627
-0.473395 -0.517146 -0.562108
0.0245406 -0.0132662 -0.0931539
-0.0828742 -0.0719061 -0.0564237
0.120029 0.106167 0.0821581
-0.226765 -0.270508 -0.306485
0.04441 0.00710694 -0.054317
-0.0472998 -0.040261 -0.0295221
-0.119054 -0.137503 -0.161086
-0.283341 -0.36563 -0.484095
0.066655 0.0535556 0.0415793
-0.357141 -0.347743 -0.309114
-0.021975 -0.0189884 -0.00784514
0.0860623 0.0773403 0.0598879
-0.100299 -0.0685473 -0.00659041
0.0475475 0.0409146 0.034556
0.0486192 0.0421856 0.0309377
0.167742 0.185297 0.216482
-0.085644 -0.0768575 -0.0597049
0.111966 0.190563 0.313376
-0.373797 -0.425955 -0.487398
-0.0423531 -0.034293 -0.0227794
-0.350362 -0.40325 -0.47117
0.0944238 0.0793839 0.0593866
-0.287675 -0.356704 -0.451452
0.0362851 0.0276279 0.0172542
-0.0894693 -0.0714864 -0.0555039
-0.000402845 0.000434839 0.00213633
0.0956131 0.0782812 0.0518999
0.119019 0.114204 0.0982644
-0.0163162 0.0181936 0.0867421
0.0173136 0.0105931 0.00665632
0.0126531 0.0360383 0.0849471
-0.0374003 -0.0357411 -0.0256196
0.0610692 0.062527 0.0692991
0.100394 0.0897937 0.0671676
